7139893168912272645
7528389076995657016
7590063379042110728
7565570778301779220
7492523275315137797
7569646237461450005
7419371415759277317
7545562665255537927
7306967307870326021
7539691569612393750
7195568534762589446
7458736049037135126
7469507758484770053
7287868959175494918
7519232043855727878
7586658334309207316
7306480539618364677
7577437870366018824
7527713414353882386
7410114036299353377
7464981404829355269
7515181150046899512
7107561982106144005
7588191266580532501
7294631494524472581
7581502164351175958
7584949992029244692
7294668828582235398
7538864665074486535
7471406668371332407
7255072736949619973
7383407287756524806
7585616360101694741
7524043884733811974
7307373189020060934
7589265757159181586
7508036125919808824
7107561982106144005
7588559829740965176
7492523275315137797
7557074809906121991
7590063379042110728
7528389076995657016
7583706418742562055
7588466926519602452
7405184793547132165
7553741786347359500
7518828764344765752
7449455732942032133
7269534842885295365
7524840410376686855
7545919263798840583
7525181691866975494
7368606130131586310
7535190246460247318
7551892198313282836
7508125642257337606
7473461999431716118
7386035978193931525
7374435218729585925
7516487775927979270
7439872812938005816
7544029983522475282
7302158469455416582
7463568012210179374
7496926520816962871
7537332455146032402
7538864665074486535
7471406668371332407
7438281171307400504
7583300817411656981
7578983165574794504
7374859422012656901
7383407287756524806
7519232043855727878
7527747109609655608
7253926673182182662
7496739186507009302
7571911788996906262
7588559829740965176
7491725994097675542
7493611394022034710
7275734110360866080
7550743509490339094
7294631494524472581
7494207538402020630
7355577804982979846
7583386729663466770
7306967307870326021
7498073820671020294
7575839289355930900
7259825533456764165
7368606130131586310
7477616556801789206
7581502164351175958
7517749151803772166
7571410078109093128
7194759243705158918
7508125642257337606
7289248076177411334
7397497346193509664
7589610198986132757
7501453104580283653
7294668828582235398
7463568012210179374
7496926520816962871
7471406668371332407
7291024026674171141
7280443501299469574
7449027742571433222
7589164227856747797
7359910354635427078
7521839584431377686
7586814196537445639
7457944025266408709
7588840188508392716
7589359506514021640
7470652874121514286
7505369400464264503
7570115775827102984
7567922660953427220
7523680331694640402
7588521516778720530
7374319434195913989
7586412362945645844
7548785318858722565
7589693737417198868
7578151814290345233
7565983956391251218
7531805416968277266
7588222618877086996
7589707110309530902
7586328487330499848
7274208958909271301
7527800362703604997
7552614862254247188
7210125101868633349
7276901156595436806
7586324883471191314
7526286494474997048
7533276662658583814
7583674940063337748
7572756132867935495
7560385684066798856
7438281171307400504
7500224131284225285
7583705710966410518
7576707472434433287
7363398989594627334
7231598743684943109
7589077290529688852
7577437870366018824
7536614198898412818
7204492098039581957
7441300425367637304
7565159263316872469
7586456864788106517
7589359506514021640
7470652874121514286
7490407633229335863
7570115775827102984
7590406513517169940
7567922660953427220
7579758702882753813
7589041080415423760
7588521516778720530
7374319434195913989
7586412362945645844
7589693737417198868
7578151814290345233
7588222618877086996
7586328487330499848
7276901156595436806
7405897712043887877
7526286494474997048
7504002628674669829
7583674940063337748
7559985840320023826
7590450777865358600
7587543854518193416
7438281171307400504
7588550654612802837
7583705710966410518
7327815166173760774
7314474255662746886
7295818163369921797
7231598743684943109
7589077290529688852
7583777113782668564
7577437870366018824
7204492098039581957
7441300425367637304
7554832291923512594
7580722576591293713
7564501092873096455
7107561982106144005
7390817265387719941
7557074809906121991
7590063379042110728
7507572266801171734
7569646237461450005
7444908733148319031
7441127489449102624
7522628080720973062
7294631494524472581
7499177584140242198
7518828764344765752
7553741786347359500
7449455732942032133
7589377319882738964
7525181691866975494
7527454340378889494
7386777707457072389
7368606130131586310
7531701613094882582
7195568534762589446
7508125642257337606
7473461999431716118
7386035978193931525
7516487775927979270
7195995522451246342
7426702434916977925
7435700307331419448
7544029983522475282
7302158469455416582
7463568012210179374
7294668828582235398
7499410823832522006
7130930569084456197
7494002444679073029
7387384575804099873
7583300817411656981
7544144180977732882
7374859422012656901
7447120251088686358
7107561982106144005
7390817265387719941
7557074809906121991
7590063379042110728
7507572266801171734
7590460999916915989
7356916412939504929
7528389076995657016
7419371415759277317
7294631494524472581
7424684170456124677
7553741786347359500
7518828764344765752
7449455732942032133
7585301298677927189
7525181691866975494
7386777707457072389
7539691569612393750
7368606130131586310
7531701613094882582
7551892198313282836
7508125642257337606
7473461999431716118
7516487775927979270
7590489616541568276
7294668828582235398
7496517666170113335
7463568012210179374
7496926520816962871
7538864665074486535
7494002444679073029
7583300817411656981
7374859422012656901
7383407287756524806
7519232043855727878
7359910354635427078
7319915513683954950
7253926673182182662
7590419460574514452
7357352157680553221
7589359506514021640
7470652874121514286
7588145894764350728
7443888012389322040
7559685924678913301
7190455563308895493
7590169071744847124
7374319434195913989
7569287815490555147
7578151814290345233
7541913072009678088
7588273982546316546
7579661346153745686
7561163360104877330
7586112470503263510
7533276662658583814
7583674940063337748
7442037117171141943
7576617627540262151
7464572617102478597
7590125607984450836
7590450777865358600
7587410853507468562
7585958009793269012
7438281171307400504
7588550654612802837
7576707472434433287
7583010024683883784
7589254872998989077
7590786094770310408
7231598743684943109
7359134009017830662
7450796236187225350
7590769595070434580
7577437870366018824
7588527607352708370
7518108279998811398
7525902991363296517
7559260746605956359
7587757404037713170
7568633375674633489
7501111366720179462
7498053267281300791
7568553885669805332
7548436758984232212
7252469323262872837
7538843568501296402
7225724873505508614
7519586877242969349
7465828836215639301
7538155989866974480
7379108222751313158
7588999629593742610
7587887048011287815
7521583593773190422
7505879400651476229
7536577230592412933
7550953625279876374
7568816974357122311
7525540189062565176
7523338375101779205
7294379472449490182
7537650078513630486
7548135436049337607
7495101391665499447
7158956874145008901
7586414495203970322
7588898074504793352
7588620192108842261
7534671793953492246
7491732687049198854
7493511119881899319
7467644448919325957
7518824237017107729
7519518037578353925
7515806989327387960
7186610149237247237
7538556192038178056
7532557649615867158
7519936951550545158
7381166503892143365
7351822667982392581
7469881502977821984
7518025475554430213
7531366211209252102
7557110366866590994
7180012402778311941
7569254876321025302
7586567170629307656
7564243951675395335
7563606576272002324
7584181975934668052
7500359622692261126
7419026174543678725
7543300853692665095
7437593236660702519
7440163692714511671
7586738937964973333
7589009788827176200
7578953497748573458
7587034733331385607
7590074919782862101
7337804116703333637
7498468399593409847
7428180138472377605
7538520939244408082
7447899361964608773
7552962785081068807
7575562349344607506
7508271133637070098
7583422967485369620
7495088258439843078
7495074029154340104
7361118960554642693
7563008227093384468
7573774452962381068
7507410196952665350
7578898884605316408
7585689600937495828
7543424051826543880
7501083055549910327
7527015239921962248
7315881255361367302
7588607449758780694
7565338988987436296
7585573234838408468
7508854481560276230
7586385561141726485
7565239255925017863
7572646311242026252
7506887263763090744
7553031130576915719
7583421670216551681
7536275954088348949
7585145921571278087
7586391007491656972
7553195574464367892
7315006140662713606
7497402017816612151
7564628019596299538
7541500528983837959
7576767117807127820
7436859019559488824
7524122546267098424
6932514845690563842
7338563488744230149
7461722192217230598
7548928554734537992
7535616055851420946
7502895806161243397
7434213086761897272
7589343565114035474
7551445671253970184
7532216486455217413
7448706687298555142
7542254270721215752
7557779955170512150
7557876078996507922
7354043333041327365
7557490669321751825
7588595507031706902
7503692687623589175
7470646821484875030
7429006162491755782
7464264571868499206
7562174276967714066
7584772061910797590
7584532091644169493
7565586086660033813
7559330886060084488
7315701504311168261
7326642560758205702
7571853153662962964
7530006024250526981
7587167515466337557
7539813140846988551
7531384214554447126
7531308347673332997
7530029722592496952
7573773815356968248
7583278921211268373
7522174211620605189
7497324402720197893
7450205198217235717
7590447548905655608
7280972784858123525
7393064720611183878
7456173407575575814
7537411819988684050
7485868323796815109
7237061264038448390
7367099934950067462
7434263935152573752
7561881442666499336
7403819071118052613
7309221601709493509
7298833775033666821
7522171893303069957
7579299699383946503
7392733732580412677
7571946137607884053
7520666988952292614
7334381966701251845
7532972086013218055
7278409698846510341
7449469229419613446
7535188042676440328
7577136722954177814
7402705901586599174
7472451712222006534
7524510840020536581
7590192415894555922
7465819328617729286
7469854103070362886
7304416089700601094
7528542070991015174
7585302900235128076
7554071347098324231
7551465655191473426
7550369041215442231
7155915310741212421
7277651477760331013
7524427915052797189
7567753570452360469
7575567102791224583
7364781715602148613
7446838243959639301
7469863779832990981
7499934736526216503
7430445542855036165
7576294054833425672
7398673810100063493
7584410745438227732
7331483459174550790
7451949006986562822
7501437554592320773
7589373343472700692
7568546494891052306
7461574627295382790
7221542343105645850
7465774100288457990
7525401013226867973
7451638272167595269
7588647466199747847
7581552553192738068
7555606562966883604
7576463243229646098
7562583248765766930
7402995009450003718
7466452951704407302
7431919722599353633
7490992048464563461
7332814206846176517
7505828712248511766
7574511940467232007
7390905702102945056
7553359556026354952
7518316096319933701
7404195956767411488
7516998309110713605
7525875620354706710
7548526943524621586
7589605596844821767
7554433675451043079
7583472187869285654
7506113255568428294
7381865067458989345
7543345692979301640
7553005943433202952
7408727740381269253
7517791536382381335
7551376370044357908
7372279927472688390
7534786100024331542
7507367698599349510
7501733048602463493
7391145400314481926
7521476256576130310
7475076282783370501
7368902464591891717
7554037525350976790
7272839269272538374
7318535590780161285
7589971156816497928
7234463656191266074
7502919677895626039
7548208564406471958
7502117145535450373
7508594084525673750
7548935585482738964
7266115646713335045
7513972730648153366
7536247800103734535
7547835661907234070
7360591307116416261
7530712426174483768
7584157754508463380
7590528110508903700
7543847677641936135
7473565506738359607
7581126715225754900
7585144900174302471
7568460645813849364
7328893664422268166
7546912199978044694
7552265451821092107
7473245574758747398
7503636497682287878
7239856234600484102
7589570805676117256
7524716605008252216
7589421712949792018
7379679148672814368
7577444493893340436
7432374629181705478
7566772990403251478
7588634009740037383
7494665689496554758
7577116962216561927
7543724905649523986
7576719736587717906
7369403205085695265
7551880472582835464
7388869946991807749
7585754241986317575
7583658686824877333
7571226538503359765
7314771637381991686
7590542021945806101
7587131357483060487
7574165351676579079
7210891317440761094
7589992295521471751
7405194086241602822
7544426247082822919
7398226586085920006
7522786472697564438
7294717588754484485
7537670822471814408
7457250994993351941
7574504907949018386
7305491313288432902
7497325098945350917
7585640767146839316
7579329083771751701
7550740273798597895
7553790385730997511
7557425169279634709
7590770345762737429
7588165159084969237
7588651502768606484
7410542940285684998
7507704989532392760
7582700020416269575
7529668735276190982
7445067501345492246
7384630792862928133
7562997946099289351
7430165733759290629
7532474905783225618
7542975095577283862
7491416905371127046
7493180034115538181
7316794485806009606
7383785625809390854
7588230481351544084
7433831330967768326
7340655065767726341
7551091174514134280
7564796323048770838
7529268770276150533
7436118848262196513
7545943971470658823
7538206799770422546
7557823534593019158
7369277770897100064
7584496125332262164
7443143594388639008
7277647871166516485
7491063870312713477
7558942403311209745
7364447266914028805
7536646881452018952
7387866888442858757
7229425274490752262
7426085581051940101
7467970328552131845
7265803194486279429
7561459338448030994
7498760008205700357
7180625644127145222
7391594804292898054
7474698366140566806
7451170104869539077
7536571978652716310
7454760007695977733
7252410460023049477
7549959067444219158
7340671379609505029
7328074918665473285
7478381910360706310
7272358591581981958
7576046054232034578
